==== per-slab medians, high gain (old / new) ====
  MIP MPV [ADC]
  slab    th210 old  th210 new  th220 old  th220 new  th230 old  th230 new
  0           18.36      18.54      20.81      21.29      31.64      30.70
  1           18.00      18.10      21.15      21.93      30.25      30.87
  2           18.16      18.32      19.95      20.50      30.08      30.48
  3           17.99      18.21      21.56      22.54      31.72      32.76
  4           17.91      18.07      22.00      23.05      31.10      32.59
  5           18.16      18.41      21.12      22.18      31.55      32.70
  6           18.06      18.29      22.62      23.49      31.76      32.86
  7           18.48      18.75      20.94      21.80      31.75      32.19
  8           18.53      18.86      21.95      23.13      32.22      33.15
  9           18.30      18.52      21.41      22.57      31.68      32.46
  10          18.15      18.42      21.43      22.57      31.72      32.52
  11          18.11      18.35      20.71      21.67      30.52      30.92
  12          35.04      35.40      35.40      36.43      38.15      38.90
  13          18.61      18.90      22.74      24.06      32.72      33.67
  14          23.20      23.49      24.96      25.67      34.34      34.69

  MIP Landau width [ADC]
  slab    th210 old  th210 new  th220 old  th220 new  th230 old  th230 new
  0            1.84       1.71       2.61       2.45       8.18       5.72
  1            1.94       1.82       2.97       2.82       6.36       5.82
  2            1.93       1.81       2.70       2.59       6.43       5.87
  3            2.03       1.86       3.21       2.99       6.62       6.24
  4            2.06       1.91       3.18       3.02       6.63       6.07
  5            2.06       1.91       3.13       2.86       6.62       6.18
  6            2.23       2.10       3.27       3.09       6.29       6.00
  7            2.15       2.01       3.00       2.79       6.70       6.14
  8            2.12       1.97       3.33       3.05       6.86       6.46
  9            2.07       1.93       3.14       2.93       6.49       6.28
  10           2.15       1.98       3.31       3.09       6.71       6.26
  11           2.01       1.88       3.01       2.83       6.18       5.97
  12           5.24       5.12       5.31       5.04       6.89       6.61
  13           2.18       2.01       3.60       3.36       6.61       6.04
  14           2.30       2.15       3.21       2.97       6.93       6.04

  Pedestal mean [ADC]
  slab    th210 old  th210 new  th220 old  th220 new  th230 old  th230 new
  0          236.73     237.23     236.98     237.16     237.63     238.03
  1          254.37     254.16     254.10     254.08     254.65     254.70
  2          251.96     251.29     254.24     253.36     251.73     251.18
  3          247.40     247.34     247.80     247.20     246.40     246.69
  4          239.76     239.52     239.66     239.21     239.71     239.82
  5          239.96     239.89     240.89     240.73     237.72     237.47
  6          241.91     241.99     244.07     243.76     241.81     242.22
  7          245.59     245.48     246.02     245.60     243.16     243.37
  8          244.96     244.47     243.73     243.11     241.46     241.15
  9          240.46     240.35     241.77     241.63     240.62     240.62
  10         242.94     242.86     243.14     242.85     244.37     244.61
  11         240.87     240.51     241.93     241.67     241.23     241.15
  12         251.37     251.19     251.76     251.18     249.87     249.99
  13         245.21     245.07     245.67     245.15     245.82     245.77
  14         244.83     244.69     243.30     242.82     242.43     242.39

  Pedestal width (RMS) [ADC]
  slab    th210 old  th210 new  th220 old  th220 new  th230 old  th230 new
  0            1.78       1.35       2.25       1.37       1.51       1.36
  1            1.91       1.48       2.44       1.50       1.98       1.50
  2            1.80       1.38       2.44       1.47       2.01       1.46
  3            1.71       1.37       2.35       1.42       2.37       1.50
  4            1.70       1.34       2.28       1.39       2.41       1.48
  5            1.65       1.33       2.35       1.38       2.40       1.48
  6            1.67       1.35       2.28       1.38       2.49       1.47
  7            1.71       1.35       2.39       1.42       2.42       1.47
  8            1.71       1.35       2.39       1.40       2.42       1.45
  9            1.69       1.33       2.28       1.37       2.28       1.43
  10           1.69       1.36       2.32       1.38       2.13       1.43
  11           1.69       1.33       2.32       1.39       1.98       1.38
  12           1.70       1.57       2.35       1.58       2.07       1.53
  13           1.74       1.38       2.42       1.45       1.79       1.37
  14           1.84       1.38       2.54       1.44       1.76       1.39

==== per-slab medians, low gain (old / new) ====
  MIP MPV [ADC]
  slab    th210 old  th210 new  th220 old  th220 new  th230 old  th230 new
  0            5.17        nan       3.49        nan       4.28       4.99
  1            5.33        nan       3.54       4.64       4.23       4.84
  2            5.44       4.68       3.61        nan       4.45       5.03
  3            5.21        nan       3.53       4.63       4.29       5.02
  4            5.38        nan       3.13        nan       3.52       4.69
  5            5.25        nan       3.42        nan       4.19       4.94
  6            5.49        nan       3.60       4.65       4.45       5.10
  7            5.28        nan       3.53        nan       4.35       5.05
  8            5.24        nan       3.49        nan       4.36       5.05
  9            5.42       4.65       3.45       4.63       4.36       4.99
  10           5.16        nan       3.43        nan       4.27       4.91
  11           5.40        nan       3.48       4.71       4.29       4.93
  12           5.73       5.54       5.14       5.38       5.73       5.98
  13           5.17        nan       3.52        nan       4.47       4.94
  14           5.30       5.71       3.56       5.50       4.43       5.02

  MIP Landau width [ADC]
  slab    th210 old  th210 new  th220 old  th220 new  th230 old  th230 new
  0            0.24        nan       0.42        nan       0.85       0.85
  1            0.21        nan       0.56       0.48       0.70       0.79
  2            0.23       0.22       0.49        nan       0.74       0.77
  3            0.21        nan       0.51       0.43       0.77       0.84
  4            0.24        nan       0.51        nan       0.79       1.00
  5            0.25        nan       0.52        nan       0.80       0.83
  6            0.25        nan       0.53       0.42       0.77       0.77
  7            0.24        nan       0.52        nan       0.80       0.83
  8            0.27        nan       0.53        nan       0.78       0.83
  9            0.24       0.36       0.51       0.42       0.83       0.81
  10           0.27        nan       0.52        nan       0.80       0.80
  11           0.23        nan       0.53       0.45       0.82       0.78
  12           0.65       0.66       0.80       0.68       0.85       0.85
  13           0.25        nan       0.60        nan       0.78       0.80
  14           0.31       0.40       0.61       2.12       0.78       0.80

  Pedestal mean [ADC]
  slab    th210 old  th210 new  th220 old  th220 new  th230 old  th230 new
  0          236.40     236.35     236.26     236.05     236.80     236.62
  1          253.03     252.53     254.27     253.90     253.92     254.63
  2          248.75     248.28     252.17     251.19     249.36     248.69
  3          244.22     244.31     245.43     245.26     245.19     245.00
  4          240.20     240.09     241.74     241.37     241.47     241.93
  5          236.48     235.97     238.99     237.42     233.05     232.40
  6          241.76     241.94     243.58     243.41     242.13     242.75
  7          247.86     247.47     248.37     247.61     245.57     245.18
  8          242.34     242.20     242.80     241.76     238.76     238.75
  9          242.35     242.00     243.03     242.37     242.75     242.59
  10         242.82     242.76     242.84     242.53     243.49     244.21
  11         241.63     241.31     242.94     242.20     242.32     242.31
  12         252.65     252.25     252.82     252.15     251.27     251.00
  13         246.37     246.67     248.69     247.07     248.96     248.82
  14         245.34     245.60     244.62     243.65     244.56     244.40

  Pedestal width (RMS) [ADC]
  slab    th210 old  th210 new  th220 old  th220 new  th230 old  th230 new
  0            0.93       0.72       1.38       0.75       0.80       0.74
  1            0.97       0.78       1.56       0.82       0.94       0.79
  2            0.95       0.76       1.66       0.85       0.94       0.74
  3            0.89       0.74       1.57       0.80       1.00       0.75
  4            0.90       0.73       1.50       0.79       1.04       0.75
  5            0.87       0.72       1.54       0.77       1.05       0.74
  6            0.86       0.73       1.41       0.77       1.08       0.75
  7            0.89       0.73       1.55       0.80       1.06       0.74
  8            0.91       0.73       1.57       0.80       1.11       0.74
  9            0.90       0.72       1.50       0.76       1.16       0.74
  10           0.88       0.73       1.47       0.76       1.09       0.74
  11           0.89       0.73       1.53       0.79       1.06       0.73
  12           0.85       0.82       1.39       0.85       1.03       0.80
  13           0.93       0.76       1.66       0.84       0.92       0.74
  14           0.99       0.75       1.81       0.82       0.93       0.75

